<?xml version="1.0"?>
<opencv_storage>
<calibration_Time>"Monday 26 September 2016 09:01:29 PM IST"</calibration_Time>
<nrOfFrames>25</nrOfFrames>
<image_Width>640</image_Width>
<image_Height>480</image_Height>
<board_Width>6</board_Width>
<board_Height>5</board_Height>
<square_Size>37.</square_Size>
<FixAspectRatio>1.</FixAspectRatio>
<!-- flags:  +fix_aspectRatio +fix_principal_point +zero_tangent_dist -->
<flagValue>14</flagValue>
<Camera_Matrix type_id="opencv-matrix">
  <rows>3</rows>
  <cols>3</cols>
  <dt>d</dt>
  <data>
    6.7874081912716247e+02 0. 3.1950000000000000e+02 0.
    6.7874081912716247e+02 2.3950000000000000e+02 0. 0. 1.</data></Camera_Matrix>
<Distortion_Coefficients type_id="opencv-matrix">
  <rows>5</rows>
  <cols>1</cols>
  <dt>d</dt>
  <data>
    -5.4687360954866225e-02 2.0006865925562323e-01 0. 0.
    -1.0743225065513928e+00</data></Distortion_Coefficients>
<Avg_Reprojection_Error>4.9078767990323935e-01</Avg_Reprojection_Error>
<Per_View_Reprojection_Errors type_id="opencv-matrix">
  <rows>25</rows>
  <cols>1</cols>
  <dt>f</dt>
  <data>
    5.61842918e-01 8.27190101e-01 2.00982898e-01 3.21328253e-01
    1.21666777e+00 3.34181160e-01 2.84658343e-01 2.65789688e-01
    1.79271623e-01 2.51159579e-01 3.50044340e-01 2.01231003e-01
    2.25877196e-01 2.24739760e-01 9.02891815e-01 2.44217992e-01
    5.54056823e-01 1.83001772e-01 4.65272665e-01 6.80241525e-01
    3.21064860e-01 4.37119514e-01 4.32359040e-01 4.37844038e-01
    4.55545813e-01</data></Per_View_Reprojection_Errors>
<!-- a set of 6-tuples (rotation vector + translation vector) for each view -->
<Extrinsic_Parameters type_id="opencv-matrix">
  <rows>25</rows>
  <cols>6</cols>
  <dt>d</dt>
  <data>
    -1.6630069987332186e-01 -1.7025814584430810e-01
    -1.5137231904874375e+00 -1.8533049843933691e+02
    2.0686596983576382e+02 8.3386280626433950e+02 1.7792330770138400e-03
    4.9652256600442722e-02 2.0928842795526741e+00
    -7.8046503633597297e+01 -7.7316130594933028e+01
    8.7913011470007893e+02 -2.6928718764245330e-01
    -3.1516805182228375e-01 -1.0670235580140766e-01
    -4.6920868896511229e+02 -9.8160730552904791e+00
    1.2278292385841573e+03 -2.9992163503510200e-01
    4.1175728792351146e-01 2.9931112393267028e+00 2.0868787613111601e+02
    -3.8840614533733543e+01 6.2418862916808291e+02
    1.7069193757352011e-01 -3.5266284896844996e-02
    2.8793179653421944e-02 -9.5758763231931052e+00
    -1.1511230869664566e+02 4.7751975449779491e+02
    3.2474866569048272e-01 -2.5895846379347948e-01
    1.5607078835532313e+00 1.1927192913990680e+02
    -1.1595458025457502e+02 4.1553305904507721e+02
    3.1438467485179228e-01 3.3211087837441831e-02
    -1.1843035258732653e-02 -2.8756405151295684e+01
    -8.0563094401542045e+01 4.4746573300010488e+02
    3.1943437442785144e-01 3.3796536886939746e-02
    -1.2335034858732736e-02 -2.8230467876690053e+01
    -8.0091164731848465e+01 4.4637333645020544e+02
    2.8867091734171918e-01 2.6416990572308299e-02
    -1.4266271969732144e-02 -2.8703269749416013e+01
    -8.5738635575651585e+01 4.5595315755448280e+02
    2.7556061693028927e-01 2.2723357155123310e-02
    -1.1518901491255644e-02 -3.0280715996069379e+01
    -8.1890178845643760e+01 4.5731555241919079e+02
    2.6067740024381975e-01 4.0613671186673556e-02
    -1.3904283797496348e-02 -2.8322009224304267e+01
    -8.5878322471840377e+01 4.6711817442633776e+02
    2.5543710071834397e-01 2.3825447925846798e-02
    -1.4631049131213278e-02 -2.8321325308126358e+01
    -8.9570585234149888e+01 4.6488637735191793e+02
    2.4793380480323599e-01 3.1108323257817934e-02
    -1.7977458429938937e-02 -2.8181486049478554e+01
    -8.9401467538728667e+01 4.6782748676216312e+02
    2.3463959614822530e-01 2.8306500534356099e-02
    -1.6469081708505445e-02 -3.0026286708237418e+01
    -8.6901228344230830e+01 4.7162369689840500e+02
    7.7066323659768732e-02 3.5361259047414850e-01
    -4.4319327155988207e-02 3.7273003390940489e+00
    -1.0362388384176087e+02 4.9665220684850777e+02
    8.0108801333854429e-01 8.8857812995127183e-02
    -3.0015976146745973e+00 -4.1694644101387119e+00
    9.9230218872099769e+01 5.7765519425702155e+02 1.0492520087789683e-01
    2.6762313354906753e-01 -3.0869652493788204e+00
    8.7107686254201411e+01 1.0364369807656475e+02 4.6659723983908231e+02
    1.7334510181783713e-01 2.2191765282107975e-01
    -3.0811251020997013e+00 8.5633785895178562e+01
    9.0764057870759444e+01 4.3922356745303455e+02 2.7285575264476536e-01
    7.8416116903230651e-02 -3.0668124634754355e+00
    4.1425343307264001e+01 9.7129031278870642e+01 4.6461940426480146e+02
    4.8396911355508598e-01 -1.4043810557138700e-01
    -3.0202986557675642e+00 4.6122906834481618e+00
    7.7549081479595074e+01 5.1988148908120013e+02 3.3919057100955480e-01
    -3.7962598354258065e-01 -1.3853378490674830e+00
    -1.7438673813106550e+02 9.7407022877260616e+01
    4.5951404423668811e+02 3.8863462570382790e-01
    -4.3587337557684064e-01 -1.4353001653322952e+00
    -1.7740199374012593e+02 1.0470848978122547e+02
    4.3811974980632556e+02 4.0410598476113246e-01
    -4.1496535659753031e-01 -1.4317228157197477e+00
    -1.7103495189104120e+02 1.0380027502008588e+02
    4.3390190457059759e+02 4.0346505385139148e-01
    -4.1438010856498547e-01 -1.4324447175167219e+00
    -1.7050862838828928e+02 1.0502537580896654e+02
    4.3413881311971500e+02 4.0107921038625771e-01
    -4.1970157936060887e-01 -1.4290315744155746e+00
    -1.7164470463781214e+02 1.0855238327387227e+02
    4.3368443106680104e+02</data></Extrinsic_Parameters>
